time crosswalk_L crosswalk_R crosswalk_U crosswalk_B cars_L cars_R
1 0 0 0 0 0 0
2 0 0 0 0 0 0
3 1 0 0 0 0 0
4 1 0 2 0 0 0
5 2 1 2 0 0 0
6 2 1 2 0 0 0
7 2 3 5 1 0 0
8 3 3 8 2 0 0
9 4 3 11 2 0 0
10 5 5 11 2 0 0
11 7 5 11 2 0 0
12 9 7 12 2 0 0
13 9 7 14 2 0 0
14 10 7 14 3 0 0
15 11 8 15 4 0 0
16 13 9 17 4 0 0
17 13 9 18 5 0 0
18 13 9 20 7 0 0
19 14 10 21 8 0 0
20 15 10 22 9 0 0
21 16 10 22 10 0 0
22 14 10 20 9 0 0
23 12 10 19 7 0 0
24 11 8 18 7 0 0
25 9 7 17 6 1 1
26 8 6 16 5 2 1
27 7 6 16 3 2 1
28 5 5 15 1 2 2
29 4 4 14 0 2 3
30 3 4 13 0 2 3
31 3 4 12 0 2 3
32 3 3 12 0 3 3
33 2 4 11 0 3 3
34 1 3 11 0 5 4
35 1 2 10 0 5 4
36 1 1 9 0 5 5
37 0 1 9 0 5 5
38 0 0 9 0 6 6
39 0 0 8 0 6 6
40 0 0 8 0 6 6
41 0 0 8 0 7 7
42 1 0 8 0 7 7
43 3 0 7 0 7 7
44 3 0 7 1 8 7
45 3 0 7 0 8 7
46 2 0 6 0 8 7
47 1 0 5 0 9 8
48 0 0 4 0 10 8
49 0 0 3 0 11 8
50 0 0 3 0 11 9
51 0 0 2 0 11 9
52 2 0 2 1 12 12
53 2 0 1 1 14 13
54 3 0 0 2 14 13
55 2 0 1 1 14 13
56 1 0 0 0 14 13
57 0 1 1 0 14 13
58 0 0 0 0 14 13
59 0 0 0 0 14 13
60 0 0 0 0 14 13
61 0 0 0 0 15 13
62 0 0 1 0 15 13
63 1 2 2 0 14 12
64 1 2 2 1 14 6
65 1 2 4 1 8 0
66 1 4 4 1 7 0
67 1 7 5 1 3 0
68 2 8 6 1 0 0
69 2 9 8 1 0 0
70 3 9 8 1 0 0
71 5 10 8 1 1 0
72 6 11 9 2 0 0
73 6 12 10 3 0 0
74 6 14 10 4 1 0
75 7 17 12 5 0 0
76 7 18 12 5 0 0
77 8 19 13 6 0 0
78 8 20 14 6 0 0
79 9 21 14 6 0 0
80 9 21 14 7 0 0
81 9 22 15 9 0 0
82 8 22 14 7 0 0
83 8 20 15 5 1 0
84 6 19 14 6 1 0
85 6 17 13 5 1 0
86 5 17 11 3 1 1
87 5 15 11 2 1 1
88 3 15 11 1 1 1
89 2 14 10 0 1 1
90 1 12 11 0 2 1
91 1 12 10 0 2 1
92 0 11 8 0 3 2
93 0 10 6 0 3 2
94 0 8 6 0 3 2
95 0 6 5 0 6 2
96 0 4 5 0 6 2
97 0 3 5 0 8 2
98 0 2 5 0 9 4
99 0 1 6 0 11 4
100 0 0 6 0 12 4
101 0 0 5 1 12 5
102 0 0 5 0 13 6
103 0 0 4 0 13 8
104 0 0 3 0 13 8
105 0 0 2 0 13 9
106 0 0 1 0 14 9
107 0 0 0 0 15 11
108 0 0 1 0 15 11
109 0 0 0 0 15 11
110 0 0 1 0 15 12
111 0 0 0 0 15 12
112 0 1 2 0 16 13
113 0 0 1 0 18 13
114 0 0 1 0 18 13
115 0 0 2 0 19 14
116 0 0 2 0 19 14
117 0 0 2 0 19 14
118 0 1 1 0 19 14
119 0 0 1 0 19 15
120 0 0 1 0 20 15
121 0 0 1 0 20 16
122 0 0 3 0 20 17
123 0 0 4 0 19 14
124 0 0 5 0 20 8
125 0 0 7 0 20 2
126 0 0 7 0 21 0
127 0 0 8 0 15 0
128 0 1 11 0 9 0
129 1 3 11 0 3 0
130 1 3 12 0 0 0
131 1 3 12 1 0 0
132 1 3 12 1 0 0
133 3 3 12 2 0 0
134 3 3 12 2 0 0
135 3 3 12 3 1 0
136 3 3 14 3 0 0
137 3 3 15 3 0 0
138 4 4 17 4 0 0
139 4 4 18 4 0 0
140 5 4 19 4 0 0
141 5 6 20 4 0 0
142 3 5 19 2 0 0
143 1 4 19 1 0 0
144 0 2 20 1 0 2
145 0 1 19 0 0 3
146 0 1 18 0 0 3
147 0 0 18 0 0 4
148 0 0 17 0 1 4
149 0 1 16 0 2 4
150 0 0 15 0 3 6
151 0 0 15 0 3 6
152 0 0 13 0 3 6
153 0 0 11 0 4 7
154 0 0 10 0 7 7
155 0 0 10 0 7 8
156 0 0 9 0 7 8
157 0 0 9 0 7 8
158 0 0 8 0 8 8
159 0 0 7 0 8 8
160 0 0 7 0 8 9
161 0 0 7 0 8 9
162 0 0 6 0 8 9
163 0 0 5 0 8 9
164 0 0 5 0 9 9
165 0 0 5 0 9 9
166 0 0 4 0 10 9
167 0 1 4 0 10 9
168 0 1 3 0 11 10
169 0 1 2 0 11 10
170 0 1 1 0 12 10
171 0 0 0 0 12 10
172 0 0 0 0 12 10
173 0 1 0 0 13 10
174 0 0 0 0 14 10
175 0 0 0 0 15 10
176 0 0 0 0 16 11
177 0 1 1 0 18 12
178 0 1 1 0 19 13
179 0 1 2 0 19 13
180 0 0 1 0 19 13
181 0 0 0 0 19 14
182 0 0 1 0 20 14
183 0 1 2 0 17 8
184 1 2 2 0 18 2
185 2 2 3 2 12 0
186 4 2 3 2 6 0
187 5 4 3 3 0 0
188 5 6 6 3 0 0
189 6 6 8 3 0 0
190 6 7 8 3 0 0
191 6 8 9 4 0 0
192 7 8 10 4 0 0
193 7 8 12 5 0 0
194 7 8 12 5 0 0
195 7 9 14 5 0 0
196 7 9 14 5 0 0
197 7 9 16 5 0 0
198 8 9 17 6 0 0
199 9 10 20 7 0 0
200 10 10 20 7 0 0
201 11 11 21 8 0 0
202 10 10 20 7 0 0
203 9 10 19 5 0 0
204 8 8 18 4 0 0
205 7 6 17 4 0 0
206 6 4 16 2 0 0
207 6 2 17 1 0 0
208 5 1 16 1 0 0
209 4 0 15 1 0 0
210 3 0 13 0 0 0
211 2 0 11 0 0 1
212 2 0 10 0 1 1
213 1 0 10 0 1 1
214 0 0 9 0 1 1
215 0 0 8 0 2 1
216 0 0 7 0 3 1
217 0 0 6 0 3 1
218 0 0 6 0 4 3
219 0 0 5 0 4 3
220 0 0 4 0 4 3
221 0 0 5 1 4 3
222 0 0 5 0 6 5
223 1 0 5 0 6 5
224 0 0 5 0 6 6
225 0 0 5 0 6 6
226 0 0 5 0 7 6
227 0 0 3 0 7 6
228 0 0 3 0 8 8
229 0 0 4 0 8 8
230 0 0 3 0 8 8
231 0 1 3 0 8 9
232 1 1 3 0 9 9
233 2 0 2 0 10 10
234 1 0 1 0 10 10
235 1 0 2 0 10 11
236 0 1 2 0 10 13
237 0 0 2 0 11 14
238 0 0 1 1 11 14
239 0 0 0 0 11 14
240 0 0 1 0 12 14
241 0 0 0 0 12 15
242 0 0 1 0 13 16
243 0 0 2 0 13 10
244 0 0 3 0 13 4
245 0 0 3 2 14 0
246 0 0 3 2 14 0
247 1 0 3 3 8 0
248 2 0 4 3 2 0
249 3 0 7 3 0 0
250 3 0 7 4 0 0
251 3 0 7 5 0 0
252 5 4 8 5 0 0
253 5 9 9 5 0 0
254 5 10 11 5 0 0
255 5 10 12 6 0 0
256 7 13 13 6 0 0
257 7 14 14 7 0 0
258 8 14 15 8 0 0
259 9 14 17 10 0 0
260 9 14 18 10 0 0
261 9 14 19 11 0 0
262 7 12 20 10 0 0
263 7 10 18 9 2 0
264 5 8 17 7 3 1
265 4 6 16 5 3 2
266 3 4 16 4 4 3
267 2 2 14 2 4 5
268 1 1 13 0 6 5
269 1 0 14 0 8 5
270 1 1 14 0 9 5
271 0 0 12 0 9 6
272 0 0 13 0 10 7
273 0 0 12 0 10 8
274 0 0 11 0 11 9
275 0 0 9 0 11 10
276 1 0 8 0 11 11
277 2 0 8 0 11 12
278 1 0 9 0 11 12
279 0 1 9 0 11 13
280 0 1 9 0 12 13
281 0 1 9 0 12 14
282 0 0 9 0 13 14
283 1 2 8 0 13 14
284 2 1 7 0 14 14
285 2 0 6 0 14 15
286 3 1 5 0 14 15
287 2 1 4 0 14 16
288 1 0 4 0 14 17
289 1 0 4 0 14 17
290 0 0 3 0 15 17
291 1 1 3 1 16 17
292 2 0 2 1 18 17
293 2 0 3 0 18 18
294 2 0 2 0 18 18
295 1 0 1 0 18 18
296 0 0 0 0 18 18
297 0 0 0 1 18 18
298 0 0 0 0 18 18
299 1 1 1 0 19 18
300 1 1 0 0 19 18
