time crosswalk_L crosswalk_R crosswalk_U crosswalk_B cars_L cars_R
1 0 0 0 0 0 0
2 0 0 0 0 0 0
3 0 0 0 0 0 0
4 0 1 0 0 0 0
5 2 0 0 0 0 0
6 3 0 0 0 0 0
7 3 1 0 0 0 0
8 3 1 1 0 0 0
9 3 1 2 0 0 0
10 3 1 2 0 0 0
11 3 1 3 0 0 0
12 3 1 3 0 1 0
13 3 1 4 0 0 0
14 4 1 4 0 0 0
15 4 1 4 0 0 0
16 5 1 5 0 0 0
17 5 1 6 0 0 0
18 5 1 7 0 2 0
19 6 1 8 0 0 0
20 6 1 8 0 0 0
21 6 1 8 0 0 0
22 5 0 7 0 0 1
23 4 0 5 0 3 1
24 2 0 5 0 7 3
25 2 0 4 0 8 3
26 1 0 3 0 8 6
27 0 0 3 0 8 9
28 0 0 3 0 8 10
29 0 0 2 0 8 12
30 0 0 1 0 9 15
31 0 0 0 0 10 18
32 0 0 0 0 10 20
33 0 0 0 0 10 24
34 0 0 0 0 13 27
35 0 0 0 0 15 28
36 0 0 0 0 18 28
37 0 0 0 0 22 28
38 0 0 0 0 24 28
39 0 0 0 0 24 28
40 0 0 0 0 25 28
41 0 0 0 0 27 28
42 0 0 0 0 27 28
43 0 0 0 0 28 28
44 0 0 0 0 28 28
45 0 0 0 0 32 28
46 1 0 0 0 34 28
47 0 0 0 0 35 28
48 0 0 0 0 35 28
49 0 0 0 0 35 28
50 0 0 0 0 35 28
51 0 0 0 0 35 28
52 0 0 0 0 35 28
53 0 0 0 0 35 28
54 0 0 0 0 35 28
55 0 0 0 0 35 28
56 0 0 0 0 35 28
57 0 0 0 0 35 28
58 0 0 0 0 35 28
59 0 0 1 0 35 28
60 0 0 0 0 35 28
61 0 0 0 0 35 28
62 0 0 0 0 35 28
63 1 0 0 0 35 28
64 1 2 1 0 35 28
65 1 3 2 0 31 28
66 1 4 3 0 25 28
67 2 5 3 1 19 28
68 2 6 4 1 13 28
69 2 6 5 1 7 26
70 2 7 5 1 1 20
71 2 8 7 1 0 14
72 2 9 9 1 1 8
73 3 10 9 1 2 2
74 3 10 11 1 0 0
75 3 10 12 1 0 0
76 4 10 13 2 0 0
77 4 12 13 2 1 0
78 4 12 14 2 2 0
79 4 13 15 2 1 1
80 5 13 15 2 0 0
81 6 13 17 2 0 0
82 4 11 15 1 0 0
83 3 9 14 0 0 0
84 3 8 13 0 1 2
85 1 6 11 0 2 6
86 0 4 9 0 2 6
87 0 4 8 0 3 9
88 0 4 8 0 3 9
89 0 3 7 0 6 12
90 0 2 6 0 6 13
91 0 1 5 0 9 13
92 0 0 4 0 10 14
93 0 0 3 0 13 15
94 0 0 3 0 13 16
95 0 0 3 0 13 18
96 0 1 3 0 15 21
97 0 1 3 0 18 24
98 0 0 3 0 19 24
99 0 0 2 0 19 27
100 0 0 1 0 19 28
101 0 0 1 0 20 28
102 0 0 0 0 20 28
103 0 0 0 0 21 28
104 0 0 0 0 21 28
105 0 0 0 0 23 28
106 0 0 0 0 25 28
107 0 0 0 0 26 28
108 0 0 1 0 27 28
109 0 0 1 0 29 28
110 0 0 1 0 31 28
111 0 0 0 0 32 28
112 0 0 0 0 33 28
113 0 0 0 0 33 28
114 0 0 0 0 33 28
115 0 0 0 0 35 28
116 0 0 0 0 35 28
117 0 0 0 0 35 28
118 0 0 0 0 35 28
119 0 0 0 0 35 28
120 0 0 0 0 35 28
121 0 0 0 0 35 28
122 0 0 0 0 35 28
123 0 0 0 0 35 28
124 0 1 0 0 31 28
125 0 2 0 1 25 28
126 0 3 1 1 19 28
127 0 2 1 2 13 28
128 1 3 1 2 7 28
129 1 3 3 2 1 28
130 1 3 4 2 0 28
131 1 4 5 3 0 28
132 1 4 5 3 0 28
133 1 4 7 3 3 28
134 1 5 7 3 0 24
135 1 6 7 3 0 18
136 2 6 7 3 0 12
137 2 7 7 4 0 6
138 3 8 7 5 0 0
139 4 8 8 5 0 0
140 4 8 10 5 0 0
141 4 8 12 5 0 0
142 2 9 10 3 0 1
143 1 7 9 2 0 2
144 0 5 8 1 1 5
145 0 4 8 0 1 7
146 0 3 7 0 2 7
147 0 1 6 0 2 7
148 0 1 5 0 2 7
149 0 0 4 0 4 7
150 0 0 4 0 6 8
151 0 0 3 0 6 9
152 0 0 2 0 6 9
153 0 0 1 0 6 12
154 0 0 1 0 7 13
155 0 0 0 0 9 13
156 0 0 0 0 10 14
157 0 0 0 0 13 17
158 0 0 0 0 15 19
159 0 0 0 0 17 21
160 0 0 0 0 17 25
161 0 1 0 0 19 27
162 0 0 0 0 20 28
163 0 0 0 0 21 28
164 0 0 0 0 22 28
165 0 0 0 0 23 28
166 0 0 0 0 24 28
167 0 0 0 0 25 28
168 0 0 0 0 28 28
169 0 0 0 0 31 28
170 0 0 0 0 32 28
171 0 0 0 0 33 28
172 0 0 0 0 35 28
173 0 0 0 0 35 28
174 0 0 0 0 35 28
175 0 0 0 0 35 28
176 0 0 0 0 35 28
177 0 0 0 0 35 28
178 0 1 0 0 35 28
179 0 0 0 0 35 28
180 0 0 0 0 35 28
181 0 0 1 0 35 28
182 0 1 1 0 35 28
183 0 1 1 0 35 28
184 0 2 1 0 34 28
185 1 2 1 0 28 28
186 1 2 1 0 22 28
187 1 3 1 0 16 28
188 1 3 2 0 10 26
189 1 3 2 0 4 20
190 1 3 3 0 0 14
191 2 3 4 0 0 8
192 2 3 4 0 1 2
193 2 3 5 1 0 0
194 3 3 5 1 0 0
195 3 3 7 1 0 0
196 3 4 9 1 2 0
197 3 5 9 1 0 0
198 3 6 10 2 0 0
199 3 7 10 2 0 0
200 3 7 10 2 0 0
201 3 8 10 2 0 0
202 2 6 10 1 0 0
203 1 4 8 0 1 1
204 0 2 7 0 1 2
205 0 1 6 0 2 6
206 0 0 5 0 2 6
207 0 0 5 0 2 6
208 0 0 4 0 2 7
209 0 0 4 0 2 10
210 0 0 3 0 3 10
211 0 0 2 0 4 11
212 0 0 3 0 6 12
213 0 2 3 0 6 12
214 0 1 3 0 7 12
215 0 1 2 0 7 13
216 1 0 1 0 8 13
217 0 0 0 0 10 13
218 0 1 0 0 10 13
219 0 1 0 0 13 15
220 0 2 0 0 14 15
221 0 0 0 0 15 18
222 0 0 0 0 16 19
223 0 0 0 0 16 20
224 0 0 0 0 16 20
225 0 0 0 0 19 21
226 0 0 0 0 20 21
227 0 1 0 0 21 23
228 0 0 1 0 21 26
229 0 0 0 0 23 26
230 0 0 0 0 24 27
231 0 0 0 0 26 28
232 0 1 0 0 26 28
233 0 0 0 0 27 28
234 0 0 0 0 27 28
235 0 0 0 0 28 28
236 0 0 0 0 32 28
237 0 0 0 0 33 28
238 0 0 0 0 35 28
239 0 0 0 0 35 28
240 0 0 0 0 35 28
241 0 0 0 0 35 28
242 0 0 1 0 35 28
243 0 0 2 0 35 28
244 0 0 3 0 35 28
245 0 0 3 0 32 28
246 1 2 3 0 26 23
247 1 2 3 0 20 17
248 2 3 3 0 14 11
249 3 3 3 0 8 5
250 3 4 3 0 2 1
251 3 5 3 0 0 1
252 4 5 3 0 1 3
253 5 6 3 1 1 0
254 5 6 3 1 0 0
255 5 6 3 1 0 0
256 5 7 4 1 0 0
257 5 9 4 1 0 0
258 5 9 5 2 0 1
259 5 9 5 2 0 1
260 5 9 5 3 0 0
261 5 9 5 3 0 0
262 3 7 5 2 0 0
263 4 6 3 1 1 2
264 4 5 3 0 1 2
265 5 4 2 0 2 3
266 4 4 3 0 3 3
267 3 3 3 0 3 3
268 2 2 3 0 3 8
269 1 1 2 0 7 13
270 0 0 1 0 7 14
271 0 0 1 0 7 15
272 0 0 0 0 8 18
273 0 0 1 0 9 18
274 0 0 1 0 10 18
275 0 0 1 0 13 21
276 0 0 0 0 13 23
277 0 0 0 0 15 23
278 0 0 0 0 16 23
279 0 0 0 0 19 25
280 0 0 0 0 20 26
281 0 0 0 0 22 27
282 0 0 0 0 22 28
283 0 0 0 0 27 28
284 0 0 0 0 27 28
285 0 0 0 0 30 28
286 0 0 0 0 30 28
287 0 0 0 0 31 28
288 0 0 0 0 34 28
289 0 0 0 0 35 28
290 0 0 0 0 35 28
291 0 0 0 0 35 28
292 0 0 0 0 35 28
293 0 0 0 0 35 28
294 0 0 0 0 35 28
295 0 0 0 0 35 28
296 0 0 0 0 35 28
297 0 0 0 0 35 28
298 0 0 0 0 35 28
299 0 0 0 0 35 28
300 0 0 0 0 35 28
